pi=3.14159265358979323846
e=2.71828
c=299792458
s=343